8
Coliseum,1,24,Lost_in_Thoughts_All_Alone;-200,1600,1600,-200,630,630,700,700,145,547,547,145,398,398,418,418,917,1217,1217,917,320,320,340,340,550,701,701,550,164,164,184,184;240,630,960,630,480,630,720,630,626,-10
Kalos Pokemon League,1,24,Victory_Road;175,1025,1025,175,484,484,700,700,83,303,303,83,317,317,329,329,897,1117,1117,897,317,317,329,329;458,484,741,484,193,317,1007,317,600,-10
Mushroom Kingdom U,1,24,Ground_Theme_(New_Super_Mario_Bros._U);70,1130,1130,70,530,530,700,700,204,471,471,204,393,393,413,413,736,1018,1018,736,350,350,370,370,354,609,609,354,270,270,290,290;282,530,918,530,494,530,706,530,482,-10
Pyrosphere,1,24,Metroid_Title_Remix;86,1086,1086,86,483,483,538,538,107,261,261,107,372,372,387,387,854,1008,1008,854,372,372,387,387,950,1070,1070,950,273,273,288,288,199,319,319,199,273,273,288,288;480,483,720,483,259,273,941,273,600,-10
Town and City,1,24,Outdoors_at_7pm_Sunny_Main_Street_Music_(Animal_Crossing);140,1060,1060,140,487,487,542,542,65,298,298,65,252,252,272,272,904,1137,1137,904,252,252,272,272,495,704,704,495,331,331,351,351;480,487,720,487,182,252,1021,252,600,-10
Wii Fit Studio,1,24,Skateboard_Arena_Remix;105,1095,1095,105,480,480,700,700;303,480,897,480,501,480,699,480,600,-10
Yoshi's Island,1,24,Ground_Theme_(Super_Mario_Bros._3);-200,1600,1600,-200,474,474,700,700,327,494,494,327,191,191,241,241,706,873,873,706,191,191,241,241;175,474,1025,474,84,191,790,191,600,-10
Bridge of Eldin,1,24,Main_Theme_Ver._2_(The_Legend_of_Zelda);-200,1600,1600,-200,487,487,700,700;240,487,960,487,480,487,720,487,600,-10
Delfino Plaza,1,24;86,1115,1115,86,570,570,610,610,
Halberd,1,24;
Luigi's Mansion,1,24;
Final Destination,1,24;